[ array([[[-2.37818523, -2.44984516, -2.09027236, ..., -4.        ,
         -4.        , -4.        ],
        [-2.35554821, -2.42680915, -2.12437096, ..., -4.        ,
         -4.        , -4.        ],
        [-2.58461153, -2.27865214, -2.28022355, ..., -4.        ,
         -4.        , -4.        ],
        ..., 
        [-2.96877366, -3.7786062 , -2.45918472, ..., -4.        ,
         -4.        , -4.        ],
        [-3.39562739, -2.88428089, -2.63118437, ..., -4.        ,
         -4.        , -4.        ],
        [-2.91814459, -2.7949282 , -2.52860021, ..., -4.        ,
         -4.        , -4.        ]]])
 array([[[-2.96955323, -3.14949062, -2.49677507, ..., -4.        ,
         -4.        , -4.        ],
        [-3.3099023 , -2.98570765, -2.51268443, ..., -4.        ,
         -4.        , -4.        ],
        [-3.13715172, -2.93032355, -2.68080979, ..., -4.        ,
         -4.        , -4.        ],
        ..., 
        [-2.50152447, -2.5717796 , -2.78129345, ..., -3.89934582,
         -3.89928956, -3.89930416],
        [-3.50468407, -3.1630916 , -2.83029936, ..., -4.        ,
         -4.        , -4.        ],
        [-2.57739636, -2.81147498, -2.46917076, ..., -4.        ,
         -4.        , -4.        ]]])
 array([[[-2.85524572, -2.69569926, -2.905016  , ..., -4.        ,
         -4.        , -4.        ],
        [-3.14820678, -4.        , -2.80142407, ..., -4.        ,
         -4.        , -4.        ],
        [-2.74808613, -2.61175111, -2.63758463, ..., -4.        ,
         -4.        , -4.        ],
        ..., 
        [-2.73991556, -2.49836374, -3.0226294 , ..., -4.        ,
         -4.        , -4.        ],
        [-2.47113195, -2.81650801, -2.82979636, ..., -4.        ,
         -4.        , -4.        ],
        [-2.84838707, -2.5268314 , -3.31907124, ..., -4.        ,
         -4.        , -4.        ]]])
 array([[[-3.98321411, -2.90480023, -2.82611739, ..., -4.        ,
         -4.        , -4.        ],
        [-2.99908623, -2.84191197, -2.83245216, ..., -4.        ,
         -4.        , -4.        ],
        [-2.7145077 , -3.00474408, -2.5555627 , ..., -4.        ,
         -4.        , -4.        ],
        ..., 
        [-2.56124428, -2.66165557, -2.43156895, ..., -4.        ,
         -4.        , -4.        ],
        [-2.77656421, -2.63334957, -2.5192866 , ..., -3.97528497,
         -3.97206923, -3.97414464],
        [-2.70943777, -2.91301525, -2.63485079, ..., -4.        ,
         -4.        , -4.        ]]])
 array([[[-3.43495822, -2.95071115, -2.87621009, ..., -4.        ,
         -4.        , -4.        ],
        [-2.9111233 , -2.83507864, -2.86927145, ..., -4.        ,
         -4.        , -4.        ],
        [-3.57797705, -2.6937978 , -2.63671444, ..., -4.        ,
         -4.        , -4.        ],
        ..., 
        [-2.29400103, -2.53993448, -3.21804752, ..., -4.        ,
         -4.        , -4.        ],
        [-2.23408137, -2.49761997, -3.09410828, ..., -3.95049692,
         -3.95060909, -3.95058063],
        [-2.18892081, -2.47224747, -2.95671911, ..., -4.        ,
         -4.        , -4.        ]]])
 array([[[-2.43746189, -2.36056405, -2.91323386, ..., -4.        ,
         -4.        , -4.        ],
        [-2.96302972, -2.4936409 , -2.66390758, ..., -4.        ,
         -4.        , -4.        ],
        [-3.53381801, -2.66517251, -2.57397863, ..., -4.        ,
         -4.        , -4.        ],
        ..., 
        [-2.73356392, -3.12432801, -3.26899299, ..., -4.        ,
         -4.        , -4.        ],
        [-2.82565749, -2.58761075, -2.65669018, ..., -4.        ,
         -4.        , -4.        ],
        [-3.10651013, -3.73826073, -2.80830096, ..., -4.        ,
         -4.        , -4.        ]]])
 array([[[-4.        , -4.        , -4.        , ..., -4.        ,
         -4.        , -4.        ],
        [-2.85238554, -2.88848117, -2.89110431, ..., -4.        ,
         -4.        , -4.        ],
        [-3.62300905, -3.38993069, -3.36958551, ..., -4.        ,
         -4.        , -4.        ],
        ..., 
        [-2.59729958, -2.68457639, -2.61160517, ..., -4.        ,
         -4.        , -4.        ],
        [-2.61554306, -2.67620301, -2.71266105, ..., -4.        ,
         -4.        , -4.        ],
        [-2.70958034, -2.76597705, -2.95209954, ..., -4.        ,
         -4.        , -4.        ]]])
 array([[[-2.93881309, -2.73634775, -2.62708656, ..., -4.        ,
         -4.        , -4.        ],
        [-2.89265548, -2.84066139, -2.83632306, ..., -4.        ,
         -4.        , -4.        ],
        [-3.12045441, -3.0299227 , -2.93154003, ..., -4.        ,
         -4.        , -4.        ],
        ..., 
        [-3.224333  , -2.88648266, -2.48367434, ..., -4.        ,
         -4.        , -4.        ],
        [-3.47260749, -3.12448375, -2.45255491, ..., -3.96757495,
         -3.96755017, -3.96756043],
        [-2.56216194, -2.61053875, -2.89952738, ..., -4.        ,
         -4.        , -4.        ]]])
 array([[[-3.69176464, -4.        , -3.98985452, ..., -4.        ,
         -4.        , -4.        ],
        [-3.17225608, -3.08020108, -3.09705649, ..., -4.        ,
         -4.        , -4.        ],
        [-3.88887794, -4.        , -4.        , ..., -4.        ,
         -4.        , -4.        ],
        ..., 
        [-3.02058697, -2.93889236, -2.45928007, ..., -4.        ,
         -4.        , -4.        ],
        [-2.57136584, -3.0880656 , -2.35224627, ..., -4.        ,
         -4.        , -4.        ],
        [-4.        , -2.79299764, -2.52104839, ..., -4.        ,
         -4.        , -4.        ]]])
 array([[[-4.        , -4.        , -4.        , ..., -4.        ,
         -4.        , -4.        ],
        [-4.        , -4.        , -4.        , ..., -4.        ,
         -4.        , -4.        ],
        [-4.        , -4.        , -4.        , ..., -4.        ,
         -4.        , -4.        ],
        ..., 
        [-4.        , -4.        , -4.        , ..., -4.        ,
         -4.        , -4.        ],
        [-3.7114543 , -3.68058213, -3.63372881, ..., -4.        ,
         -4.        , -4.        ],
        [-3.59731128, -3.59728999, -3.59125543, ..., -4.        ,
         -4.        , -4.        ]]])
 array([[[-3.88377455, -3.87298623, -4.        , ..., -4.        ,
         -4.        , -4.        ],
        [-3.88592288, -3.90753027, -4.        , ..., -4.        ,
         -4.        , -4.        ],
        [-3.89436393, -3.95726182, -4.        , ..., -4.        ,
         -4.        , -4.        ],
        ..., 
        [-3.11562487, -2.90937353, -2.94740018, ..., -4.        ,
         -4.        , -4.        ],
        [-3.26108923, -3.73702383, -3.63354847, ..., -4.        ,
         -4.        , -4.        ],
        [-3.18838185, -3.46714324, -3.45360702, ..., -4.        ,
         -4.        , -4.        ]],

       [[-2.47644929, -3.10729321, -2.40246659, ..., -4.        ,
         -4.        , -4.        ],
        [-2.60180931, -3.63514878, -2.72241145, ..., -4.        ,
         -4.        , -4.        ],
        [-2.76910984, -3.06180867, -3.09483584, ..., -4.        ,
         -4.        , -4.        ],
        ..., 
        [-3.36619693, -2.99395803, -3.30356863, ..., -4.        ,
         -4.        , -4.        ],
        [-3.43042076, -3.05191175, -3.62435265, ..., -4.        ,
         -4.        , -4.        ],
        [-3.22816782, -3.09728529, -3.12118046, ..., -4.        ,
         -4.        , -4.        ]]])
 array([[[-2.48278338, -2.41400391, -2.24537682, ..., -4.        ,
         -4.        , -4.        ],
        [-2.94554758, -2.22958232, -2.39496256, ..., -4.        ,
         -4.        , -4.        ],
        [-2.26935834, -2.48059303, -2.07104262, ..., -4.        ,
         -4.        , -4.        ],
        ..., 
        [-2.26531022, -3.2278823 , -2.48932194, ..., -4.        ,
         -4.        , -4.        ],
        [-3.09871137, -2.34072785, -2.90502006, ..., -4.        ,
         -4.        , -4.        ],
        [-2.39485695, -2.77574269, -2.81650077, ..., -4.        ,
         -4.        , -4.        ]]])]